# GIMP colorrc
# 
# This file holds a list of recently used colors.

(color-history
    (color-rgba 0 0 0 1)
    (color-rgba 0 0 0 4.6629670951466173e-310)
    (color-rgba 1 1 1 1)
    (color-rgba 1 0.94756882618819338 0.55704697986577179 1)
    (color-rgba 0 1 0 1)
    (color-rgba 0.101961 0.14902000000000001 0.286275 1)
    (color-rgba 0.099698999999999996 0.146067 0.284055 1)
    (color-rgba 0.23187099999999999 0.25889499999999999 0.36405500000000002 1)
    (color-rgba 0.60154200000000002 0.65268499999999996 0.79682299999999995 1)
    (color-rgba 0.10101599999999999 0.14771200000000001 0.28703600000000001 1)
    (color-rgba 0.196078 0.54901999999999995 0.75686299999999995 1)
    (color-rgba 0.043137000000000002 0.235294 0.35686299999999999 1)
    (color-rgba 0.21873100000000001 0.32309599999999999 0.53920900000000005 1)
    (color-rgba 0.97907900000000003 0.21027199999999999 0.21027199999999999 1)
    (color-rgba 0.48627500000000001 0.67451000000000005 0.58823499999999995 1)
    (color-rgba 0.91764699999999999 0.93333299999999997 0.92941200000000002 1)
    (color-rgba 0.50980400000000003 0.66274500000000003 0.59215700000000004 1)
    (color-rgba 0.74228899999999998 0.96174899999999997 0.90286900000000003 1)
    (color-rgba 0.21176500000000001 0.235294 0.32156899999999999 1)
    (color-rgba 0.011764999999999999 0.30196099999999998 0.63137299999999996 1)
    (color-rgba 0.0039220000000000001 0 0 1)
    (color-rgba 0.99215699999999996 0.99215699999999996 0.99215699999999996 1)
    (color-rgba 0.145098 0.29019600000000001 0.64313699999999996 1)
    (color-rgba 0.74509800000000004 0.21176500000000001 0.235294 1)
    (color-rgba 0.72156900000000002 0.611765 0.28235300000000002 1)
    (color-rgba 1 0 0 1)
    (color-rgba 0.96511800000000003 0.97647099999999998 0.011488 1)
    (color-rgba 0.85490200000000005 0.73725499999999999 0.52549000000000001 1)
    (color-rgba 0.69411800000000001 0.72156900000000002 0.82352899999999996 1))

# end of colorrc
